vesselCount = 0
UT = 1180.5399279780142
gameMode = CAREER
gameNull = False
gameCompatible = True
funds = 125240.07107612159
science = 7
reputationPercent = 2
ongoingContracts = 2
missionCurrentScore = 0
missionIsStarted = False
missionIsEnded = False
missionHistoryId = 00000000-0000-0000-0000-000000000000
missionExpansionVersion = 
saveMD5 = 35f8f1e0c61a839468efb82db0e85dd5
