vesselCount = 0
UT = 16077.537366753399
gameMode = CAREER
gameNull = False
gameCompatible = True
funds = 141191.81560167338
science = 42
reputationPercent = 10
ongoingContracts = 2
missionCurrentScore = 0
missionIsStarted = False
missionIsEnded = False
missionHistoryId = 00000000-0000-0000-0000-000000000000
missionExpansionVersion = 
saveMD5 = 0ab6d213377f5eee5536609ccfa1550b
