vesselCount = 0
UT = 17837.739656827081
gameMode = CAREER
gameNull = False
gameCompatible = True
funds = 19999.485744032474
science = 48
reputationPercent = 10
ongoingContracts = 5
missionCurrentScore = 0
missionIsStarted = False
missionIsEnded = False
missionHistoryId = 00000000-0000-0000-0000-000000000000
missionExpansionVersion = 
saveMD5 = 5182b4d2dc393ea94898321278250788
