vesselCount = 0
UT = 11303.523714669202
gameMode = CAREER
gameNull = False
gameCompatible = True
funds = 48747.678016450664
science = 11
reputationPercent = 7
ongoingContracts = 2
missionCurrentScore = 0
missionIsStarted = False
missionIsEnded = False
missionHistoryId = 00000000-0000-0000-0000-000000000000
missionExpansionVersion = 
saveMD5 = 905ebea0930eb1c2ef2f2a1887dc8d42
